# OUTPUT DATA:

# TEST_1:
0 0 0
0 0 0

# TEST_2:
1 1 1
1 1 1

-1 -1 -1
-1 -1 -1

# TEST_3:
1 1 1
1 1 1

1 1
1 1
1 1

# TEST_4:
0
0
100
200

# TEST_5:
1 2
3 4
5 6
7 8

1 3 5 7
2 4 6 8

# TEST_6:
Matrix(4, 2)
Matrix(10, 20)

# TEST_7:
7125.900408 633.354471 -9237.8575119 2865.3825158 5509.2609336 8712.260779 8317.523947 2512.4736075 -3087.5496014 3861.68814
-7852.451832 376.465911 -8142.7867326 -6921.8371407 3735.7516227 -3322.8019034 7115.79968 -8949.9313078 -7032.4347679 -5217.8236385
-7817.9657992 -4319.716346 -1038.6294521 -2959.8970273 -9263.5713405 9358.607686 1429.6576196 -9484.68116 639.6343972 3444.9938213
-2844.2405153 -2078.2441427 6812.1367017 112.3910618 -1116.8662449 5042.7026276 -5981.6930342 4370.9173164 -8851.7648474 8990.6896422
90.8102435 5256.6137481 -9743.8477321 -131.5501688 -5920.5976176 4963.8336619 -4907.3622526 8531.2015615 -244.3630074 3421.8817151

7125.900408 -7852.451832 -7817.9657992 -2844.2405153 90.8102435
633.354471 376.465911 -4319.716346 -2078.2441427 5256.6137481
-9237.8575119 -8142.7867326 -1038.6294521 6812.1367017 -9743.8477321
2865.3825158 -6921.8371407 -2959.8970273 112.3910618 -131.5501688
5509.2609336 3735.7516227 -9263.5713405 -1116.8662449 -5920.5976176
8712.260779 -3322.8019034 9358.607686 5042.7026276 4963.8336619
8317.523947 7115.79968 1429.6576196 -5981.6930342 -4907.3622526
2512.4736075 -8949.9313078 -9484.68116 4370.9173164 8531.2015615
-3087.5496014 -7032.4347679 639.6343972 -8851.7648474 -244.3630074
3861.68814 -5217.8236385 3444.9938213 8990.6896422 3421.8817151

7125.9 633.35 -9237.86 2865.38 5509.26 8712.26 8317.52 2512.47 -3087.55 3861.69
-7852.45 376.47 -8142.79 -6921.84 3735.75 -3322.8 7115.8 -8949.93 -7032.43 -5217.82
-7817.97 -4319.72 -1038.63 -2959.9 -9263.57 9358.61 1429.66 -9484.68 639.63 3444.99
-2844.24 -2078.24 6812.14 112.39 -1116.87 5042.7 -5981.69 4370.92 -8851.76 8990.69
90.81 5256.61 -9743.85 -131.55 -5920.6 4963.83 -4907.36 8531.2 -244.36 3421.88

-7125.900408 -633.354471 9237.8575119 -2865.3825158 -5509.2609336 -8712.260779 -8317.523947 -2512.4736075 3087.5496014 -3861.68814
7852.451832 -376.465911 8142.7867326 6921.8371407 -3735.7516227 3322.8019034 -7115.79968 8949.9313078 7032.4347679 5217.8236385
7817.9657992 4319.716346 1038.6294521 2959.8970273 9263.5713405 -9358.607686 -1429.6576196 9484.68116 -639.6343972 -3444.9938213
2844.2405153 2078.2441427 -6812.1367017 -112.3910618 1116.8662449 -5042.7026276 5981.6930342 -4370.9173164 8851.7648474 -8990.6896422
-90.8102435 -5256.6137481 9743.8477321 131.5501688 5920.5976176 -4963.8336619 4907.3622526 -8531.2015615 244.3630074 -3421.8817151

# TEST_8:
False
False
False
False

